[Candy2009]
23
3 -1.03321
2103 0 1 769.282 1.00816
3528 3 -1 -257.796 0.689239
1322 0 1 380.572 0.664188
5 -1.24355
2175 0 1 1231.39 1.02033
2128 3 -1 -545.251 0.666849
1447 0 1 112.067 0.556364
1376 3 -1 -185.513 0.516412
3909 1 -1 -198.463 0.483583
5 -1.47982
2815 0 1 1722.98 1.05827
1760 3 -1 -361.615 0.747365
1152 0 1 221.906 0.711006
1764 3 1 130.723 0.548042
3131 0 1 539.104 0.531679
4 -2.02896
2163 0 1 958.241 1.25615
2875 0 1 382.013 0.858522
1369 3 1 226.79 0.776641
3153 0 1 553.332 0.862361
6 -1.83609
2175 0 1 1127.52 1.08488
2090 3 -1 -409.444 0.675043
2527 0 1 193.448 0.641701
1194 0 1 258.512 0.507313
1301 3 1 204.538 0.568212
867 0 1 179.892 0.626428
3 -1.02804
2163 0 1 1095.2 0.984483
2066 3 -1 -428.138 0.701052
1874 0 1 229.363 0.657496
3 -1.10872
2078 0 1 718.338 1.00816
3749 3 -1 -504.965 0.755703
1165 3 1 120.038 0.655147
4 -1.978
2815 0 1 1756.55 1.07143
1773 3 -1 -362.171 0.747541
1194 0 1 267.295 0.858738
381 0 1 98.8502 0.699712
5 -2.18014
2163 0 1 997.807 1.11266
1818 0 1 118.757 0.682845
972 3 1 45.918 0.566998
3183 0 1 817.736 0.561653
341 2 -1 -52.9929 0.621673
3 -1.16435
2103 0 1 725.529 1.12703
2875 0 1 376.312 0.744764
269 0 1 57.6701 0.707442
2 -0.139785
2805 0 1 1469.06 1.14174
1343 0 1 428.734 1.00196
4 -1.87344
2175 0 1 1141.93 1.17227
972 3 1 48.9797 0.665476
1194 0 1 263.972 0.688934
3021 0 1 996.226 0.677708
5 -1.35034
2169 0 1 1083.69 1.08488
2157 3 -1 -604.386 0.731234
2875 0 1 412.698 0.620987
371 3 -1 -1.75754 0.547466
532 3 -1 -26.6572 0.539289
3 -1.03545
2804 0 1 1436.53 1.04537
1555 3 -1 -140.264 0.75161
945 0 1 293.103 0.761527
3 -1.12503
2169 0 1 1137.99 1.07143
3372 0 1 453.693 0.738041
3749 3 -1 -510.31 0.791638
5 -1.46683
2175 0 1 1082.7 1.15682
3131 0 1 539.597 0.699563
996 3 1 52.7645 0.589398
1274 3 1 160.802 0.467047
1798 4 -1 -3.14702 0.511905
3 -1.17642
2079 0 1 650.271 1.12703
3551 3 -1 -359.724 0.900688
2903 0 1 531.511 0.851301
3 -1.15108
2169 0 1 1085.17 1.14174
3551 3 -1 -362.12 0.615393
3372 0 1 456.764 0.60605
4 -1.88111
2169 0 1 1045.39 1.12703
2009 3 -1 -344.623 0.740418
1230 0 1 295.092 0.669305
2570 0 1 384.344 0.682971
3 -1.18328
2163 0 1 961.891 1.15682
4047 3 -1 -695.975 0.695727
1616 2 1 85.7723 0.66926
4 -1.96913
2151 0 1 942.673 1.07143
2875 0 1 415.254 0.798045
2111 3 -1 -522.575 0.738149
350 0 1 78.2785 0.638495
3 -1.18153
2163 0 1 956.301 1.12703
1369 3 1 219.103 0.735857
3153 0 1 603.075 0.681355
5 -1.17085
2163 0 1 1028.6 1.05827
2156 3 -1 -620.511 0.660837
2875 0 1 418.991 0.585871
2661 2 1 63.0597 0.605259
635 3 -1 -44.9283 0.567642
[Candy2009]
