[Candy2009]
15
5 -1.40705
2175 0 1 1188.23 1.08036
3542 0 1 382.003 0.67886
1123 3 1 98.7054 0.64567
1215 3 -1 -97.0027 0.546187
1263 4 1 42.6789 0.451652
4 -1.84428
2175 0 1 1181.98 1.10794
2875 0 1 418.214 0.723643
1343 0 1 441.66 0.591609
1122 3 1 85.3682 0.604306
3 -1.11509
2169 0 1 1073.5 1.08942
2427 3 -1 -455.105 0.758764
2570 0 1 390.642 0.784428
3 -1.05115
2169 0 1 1117.96 1.04537
2875 0 1 419.986 0.667629
3572 3 -1 -446.461 0.661846
5 -1.51688
2175 0 1 1108.61 1.17752
3372 0 1 422.452 0.755003
2528 0 1 210.866 0.616792
1096 3 1 90.9422 0.547474
175 2 1 9.26898 0.484963
3 -1.15574
2810 0 1 1678.32 1.09861
1364 0 1 470.702 0.75006
2444 3 -1 -466.898 0.807183
4 -2.19218
2169 0 1 1089.08 1.24426
3131 0 1 515.681 0.808732
395 0 -1 -125.791 0.698187
3366 3 -1 -220.003 0.559
4 -2.04115
2175 0 1 1257.24 1.11741
2875 0 1 412.681 0.756072
1205 3 1 123.179 0.704295
3902 3 -1 -896.607 0.536628
4 -1.94741
2175 0 1 1214.28 1.09861
3365 3 -1 -271.879 0.768911
2592 0 1 319.453 0.552031
1153 0 1 249.084 0.631917
3 -1.57443
2169 0 1 1123.48 1.18814
3131 0 1 508.283 0.96016
904 3 -1 -96.8245 0.573865
4 -1.74853
2169 0 1 1138.66 1.07143
3876 3 -1 -550.918 0.657312
1349 3 1 200.832 0.531538
838 0 1 183.259 0.511751
5 -1.37983
2169 0 1 1125.39 1.07143
3323 0 1 2249.99 0.740753
972 3 1 42.5297 0.618557
170 3 1 13.6467 0.558048
867 0 1 177.002 0.49286
3 -1.3197
2810 0 1 1649.08 1.14673
1265 0 1 360.111 0.790541
1983 0 1 254.885 0.617564
4 -1.91387
2169 0 1 1148.39 1.09861
2145 3 -1 -507.988 0.707742
3749 3 -1 -516.633 0.58204
2875 0 1 429.741 0.689553
5 -1.79338
2815 0 1 1791.6 1.05394
1322 0 1 402.728 0.809218
1745 3 -1 -273.532 0.586049
412 3 1 35.6849 0.486349
1104 3 -1 -63.655 0.476257
[Candy2009]
