[Candy2009]
15
6 -1.83887
2175 0 1 1167.69 1.08942
3386 3 -1 -387.162 0.683255
1164 3 1 109.605 0.532376
412 3 1 35.7732 0.545674
888 0 1 208.202 0.499349
1153 0 1 240.959 0.552241
4 -1.99103
2810 0 1 1680.4 1.04537
1194 0 1 277.725 0.658643
2112 3 -1 -431.303 0.765072
1959 0 1 403.261 0.478054
6 -1.99319
2810 0 1 1647.88 1.1368
1265 0 1 346.942 0.787583
1383 3 1 231.536 0.586447
3727 2 1 23.868 0.50213
3735 3 -1 -388.788 0.478263
304 0 1 77.5535 0.493772
4 -1.9256
2169 0 1 1123.02 1.02857
2038 3 -1 -345.424 0.681754
2570 0 1 393.674 0.691098
635 3 -1 -42.4207 0.475819
4 -2.04967
2815 0 1 1710.48 1.10794
1194 0 1 272.886 0.793061
1727 3 -1 -266.853 0.702575
2875 0 1 359.461 0.55391
4 -1.91842
2169 0 1 1079.96 1.09861
2166 3 -1 -569.603 0.6675
2570 0 1 386.447 0.617292
2052 3 -1 -146.955 0.464985
4 -1.82453
2169 0 1 1139.48 1.06263
3615 3 -1 -712.927 0.715379
1349 3 1 189.024 0.611995
1194 0 1 264.638 0.565468
3 -1.12623
2121 0 1 919.325 1.02857
3735 3 -1 -412.798 0.64915
3131 0 1 555.645 0.551487
3 -1.1572
2169 0 1 1130.25 1.12703
3131 0 1 551.569 0.661461
883 3 -1 -91.0064 0.631287
3 -1.25312
2169 0 1 1074.93 1.1368
1240 3 1 142.126 0.727157
3183 0 1 801.448 0.843475
6 -2.0392
2169 0 1 1072.05 1.09861
3131 0 1 512.862 0.811415
2156 3 -1 -530.66 0.698658
3749 3 -1 -524.426 0.505023
175 2 1 10.2793 0.582676
435 0 1 117.39 0.518216
6 -1.84608
2175 0 1 1158.87 1.1368
2480 3 -1 -624.048 0.647694
2875 0 1 398.693 0.561747
175 2 1 7.5605 0.46985
971 3 1 34.5672 0.482905
2660 0 1 653.166 0.610274
4 -2.1002
2810 0 1 1679.15 1.07143
1364 0 1 487.593 0.758132
1745 3 -1 -270.918 0.80204
867 0 1 166.986 0.531406
6 -1.98424
2169 0 1 1138.58 1.09861
3131 0 1 532.381 0.73165
2090 3 -1 -437.731 0.597309
1011 0 1 98.7269 0.475488
271 2 1 17.2831 0.484442
3902 3 -1 -877.007 0.516602
6 -1.9766
2169 0 1 1170.49 1.02857
2008 3 -1 -316.259 0.679372
3131 0 1 561.992 0.673348
744 4 1 6.2811 0.436853
2052 3 -1 -156.309 0.417914
2686 0 1 763.816 0.450074
[Candy2009]
