[Candy2009]
16
2 -0.0773103
3131 0 1 522.225 0.996215
1177 3 -1 -127.356 0.918905
3 -1.29927
2805 0 1 1327.5 1.18814
1623 3 -1 -145.271 0.948252
2875 0 1 397.828 0.837116
3 -1.06127
3675 0 1 2058.46 0.996215
1266 0 1 264.709 0.815017
897 1 -1 -225.571 0.74996
3 -1.22525
3291 0 1 1753.62 1.02033
3902 3 -1 -700.223 1.0786
1922 0 1 324.261 0.873681
3 -1.11973
3327 0 1 2593.3 1.07143
2912 3 -1 -429.051 0.857818
848 1 -1 -269.402 0.80952
3 -1.06619
3289 0 1 1622.93 1.02033
623 1 1 122.751 0.834949
2889 3 -1 -287.6 0.88081
3 -1.23012
3303 0 1 1943.24 1.07143
2959 3 -1 -609.006 0.956587
4053 2 1 190.098 0.7979
4 -1.34461
2805 0 1 1417.59 1.07143
2172 3 -1 -723.372 0.937861
4053 2 1 155.959 0.812151
1012 0 1 67.2023 0.666034
3 -1.10279
2805 0 1 1328.39 1.09861
504 4 -1 -290.066 0.889428
2025 0 1 490.47 0.885252
3 -1.20149
3291 0 1 1758.66 1.07143
1182 3 1 197.675 0.852688
1699 2 1 181.289 0.722631
2 -0.354842
3327 0 1 2082.2 1.42193
346 0 1 95.3861 1.06708
4 -2.01871
3291 0 1 1779.26 1.02033
2038 3 -1 -392.479 0.870825
4032 3 -1 -350.165 0.721325
1959 0 1 387.54 0.84888
3 -1.19917
3207 0 1 933.476 1.15682
1343 0 1 398.191 0.927761
1350 3 1 155.885 0.970116
5 -1.16713
3247 0 1 1341.81 1.04537
2144 3 -1 -632.932 0.835373
2882 2 1 90.7049 0.722847
3877 3 -1 -555.397 0.769682
1838 0 1 156.023 0.760449
3 -1.23524
3323 0 1 2154.03 1.18814
1062 0 1 110.264 0.893166
806 0 1 274.455 0.940268
3 -1.35102
3635 0 1 1352.99 1.15682
2936 3 -1 -536.029 0.882301
4053 2 1 154.874 0.688094
[Candy2009]
