[Candy2009]
48
5 -2.10275
2175 0 1 1169.4 1.07143
2875 0 1 388.576 0.695895
1301 3 1 145.205 0.709619
1048 3 1 51.0942 0.528194
267 3 1 15.917 0.516849
3 -1.12388
2163 0 1 1062.52 1.06263
3735 3 -1 -383.743 0.713136
3564 0 1 567.68 0.774385
3 -1.14545
2163 0 1 1082.24 1.07143
3749 3 -1 -521.768 0.700216
867 0 1 180.862 0.626196
3 -1.04161
2815 0 1 1882.64 1.02857
1194 0 1 275.458 0.804056
1165 3 1 104.359 0.8171
4 -1.88784
2175 0 1 1138.21 1.11741
3213 3 -1 -504.623 0.747946
2345 0 1 559.424 0.642252
1153 0 1 216.731 0.664735
4 -1.80963
2810 0 1 1709.93 1.08036
1292 0 1 328.914 0.723899
1773 3 -1 -309.898 0.576551
1838 0 1 164.907 0.571181
6 -1.73073
2163 0 1 1070 1.00415
3578 3 -1 -439.803 0.678613
473 0 1 158.572 0.533803
266 2 -1 -12.2974 0.46818
3863 3 -1 -460.972 0.50061
15 1 1 7.42254 0.518276
3 -1.22818
2169 0 1 1069.42 1.17752
2493 3 -1 -680.906 0.747462
2250 0 1 280.651 0.696797
4 -1.93761
2169 0 1 1089.65 1.11741
3158 0 1 624.162 0.749757
238 0 -1 -94.8879 0.652243
349 0 1 84.0749 0.5818
4 -1.89
2169 0 1 1160.99 1.06263
3876 3 -1 -486.392 0.797755
1349 3 1 197.433 0.540823
772 0 1 151.863 0.57044
4 -1.91211
2163 0 1 1067.14 1.07143
3749 3 -1 -513.863 0.800421
2470 3 -1 -596.549 0.673564
1343 0 1 447.503 0.633307
4 -1.7724
2121 0 1 872.157 1.06263
3749 3 -1 -553.545 0.645052
1302 3 1 162.489 0.653972
808 0 1 152.175 0.58925
3 -1.55629
2810 0 1 1630.4 1.18814
1152 0 1 217.693 1.02577
1329 3 1 183.275 0.657615
4 -1.97585
2175 0 1 1216.44 1.08942
2493 3 -1 -662.319 0.768778
2215 0 1 190.335 0.617533
1153 0 1 235.611 0.499883
4 -1.77788
2169 0 1 1154.84 1.02857
2129 3 -1 -494.078 0.675979
2875 0 1 425.206 0.579411
2316 3 1 194.517 0.50608
4 -1.66068
2163 0 1 1067.47 0.996215
3386 3 -1 -356.763 0.624557
1012 0 1 97.603 0.591726
911 0 1 209.294 0.551814
3 -1.14345
2151 0 1 970.001 1.10794
2066 3 -1 -388.461 0.651438
2570 0 1 381.838 0.686944
4 -1.96956
2169 0 1 1140.72 1.14673
3131 0 1 555.896 0.74395
2233 3 -1 -164.211 0.678395
3749 3 -1 -516.561 0.599512
6 -1.84067
2175 0 1 1193.8 1.06263
3131 0 1 527.411 0.781705
251 0 1 93.9592 0.596894
266 2 -1 -14.8814 0.519186
270 0 1 49.8557 0.496048
3615 3 -1 -676.594 0.577418
4 -1.88549
2102 0 1 782.791 1.11741
3096 0 1 308.068 0.695057
3170 3 -1 -403.508 0.643634
1062 0 1 142.372 0.570608
4 -1.86077
2169 0 1 1130.35 1.06263
3144 3 -1 -291.816 0.761213
3720 3 -1 -246.79 0.6337
1922 0 1 329.39 0.596767
3 -1.19499
2169 0 1 1150.51 1.10794
3144 3 -1 -277.472 0.731198
2570 0 1 400.015 0.644148
3 -1.29632
2151 0 1 962.665 1.14673
3131 0 1 531.583 0.823673
438 0 1 102.891 0.674081
4 -2.17999
2169 0 1 1093.9 1.20996
2493 3 -1 -683.609 0.789975
3131 0 1 515.956 0.763381
3749 3 -1 -520.111 0.583322
5 -1.93114
2169 0 1 1152.75 1.03691
3773 3 -1 -564.463 0.804651
1369 3 1 188.681 0.57214
1153 0 1 235.493 0.615195
175 2 1 7.64776 0.511545
6 -1.82156
2175 0 1 1242.48 1.04537
3145 3 -1 -260.135 0.746621
3096 0 1 322.348 0.622075
412 3 1 30.2164 0.548173
1301 3 1 170.363 0.513765
1389 0 1 258.122 0.558102
6 -1.9817
2175 0 1 1215 1.09861
2470 3 -1 -592.488 0.713653
2875 0 1 409.09 0.607325
1153 0 1 242.37 0.546036
3343 2 1 14.9494 0.496835
3849 3 -1 -320.611 0.487093
4 -2.04244
2169 0 1 1124.91 1.12703
3131 0 1 529.878 0.792089
1164 3 1 107.203 0.726365
1109 0 1 169.992 0.603039
4 -1.81416
2175 0 1 1201.83 1.02857
3365 3 -1 -254.796 0.754408
1153 0 1 233.268 0.559665
251 0 1 89.8992 0.590847
3 -1.15915
2169 0 1 1100.51 1.12703
3183 0 1 775.291 0.822016
1301 3 1 178.809 0.789895
4 -2.05767
2169 0 1 1071.95 1.15682
3386 3 -1 -359.792 0.811711
3096 0 1 278.22 0.616252
2268 3 -1 -220.188 0.52711
3 -1.06034
2810 0 1 1701.83 1.05394
1194 0 1 279.853 0.772875
1165 3 1 107.18 0.779271
4 -1.94058
2162 0 1 1095.6 1.05394
3131 0 1 541.323 0.708108
251 0 1 94.0057 0.630033
363 0 -1 -131.203 0.451499
3 -1.19632
2163 0 1 1073.01 1.06263
3749 3 -1 -521.214 0.794021
1983 0 1 272.217 0.66033
4 -1.92596
2175 0 1 1237.53 1.05394
3876 3 -1 -481.85 0.791464
2618 3 -1 -209.582 0.604792
1231 0 1 328.562 0.524241
3 -1.17647
2169 0 1 1119.95 1.10794
2570 0 1 401.328 0.788687
2427 3 -1 -445.165 0.720163
3 -1.28517
2169 0 1 1122.65 1.11741
2444 3 -1 -459.58 0.863245
2570 0 1 377.943 0.695483
4 -2.0413
2169 0 1 1145.15 1.09861
3131 0 1 543.433 0.831874
3735 3 -1 -391.599 0.744535
395 0 -1 -146.426 0.63372
3 -1.12672
2175 0 1 1214.38 1.06263
3542 0 1 357.716 0.691399
996 3 1 41.8324 0.627309
5 -1.47667
2810 0 1 1671.81 1.08942
1379 0 1 476.952 0.781573
1727 3 -1 -282.835 0.663038
189 1 -1 -8.78317 0.53746
911 0 1 197.682 0.519904
3 -1.29191
2804 0 1 1618.12 1.09861
1265 0 1 352.621 0.89696
3145 3 -1 -279.104 0.703661
3 -1.36254
2169 0 1 1077.84 1.15682
2875 0 1 396.442 0.919974
1302 3 1 134.063 0.714247
4 -1.88673
2169 0 1 1088.59 1.07143
2089 3 -1 -419.053 0.697565
3542 0 1 372.421 0.676037
438 0 1 108.355 0.558301
3 -1.26715
2169 0 1 1075.66 1.12703
3901 3 -1 -661.096 0.752631
479 0 1 117.465 0.612514
5 -1.31077
2162 0 1 1046.17 1.01219
3773 3 -1 -534.443 0.631814
1264 0 1 312.081 0.616632
1349 3 1 186.31 0.596579
867 0 1 171.215 0.477937
4 -1.69074
2151 0 1 996.925 1.08036
2903 0 1 547.761 0.672163
1153 0 1 227.265 0.589622
774 0 1 115.143 0.651407
3 -1.37336
2805 0 1 1499.61 1.10794
1230 0 1 306.158 0.96901
1427 3 -1 -48.6062 0.703589
4 -1.88582
2175 0 1 1155.59 1.09861
3615 3 -1 -660.07 0.701873
1062 0 1 134.05 0.595237
911 0 1 216.343 0.680574
[Candy2009]
