[Candy2009]
47
3 -1.20187
3303 0 1 1902.9 1.15682
1266 0 1 271.493 0.80692
1383 3 1 211.879 0.851969
4 -1.51555
3650 0 1 1621.1 1.04537
1111 0 1 138.034 0.914294
3080 3 -1 -152.827 0.918697
1895 4 -1 -32.4295 0.72793
4 -1.20997
3327 0 1 2590.97 1.18814
1226 3 -1 -135.953 0.868751
312 1 -1 -167.6 0.769411
3535 3 -1 -237.642 0.759943
3 -1.14225
3303 0 1 1828.07 1.09861
4047 3 -1 -615.537 0.835341
253 0 1 79.914 0.7917
2 -0.406811
3263 0 1 1372.97 1.29334
1444 3 1 58.2107 0.886534
3 -1.10947
3247 0 1 1279.24 1.18814
1552 3 -1 -96.2421 0.761425
1110 0 1 157.288 0.840088
2 -0.324749
3327 0 1 2426.25 1.12703
502 0 1 172.829 0.80228
3 -1.11022
3183 0 1 914.445 1.04537
1231 0 1 274.505 0.869708
1354 3 -1 -222.948 0.804859
2 -0.196011
3303 0 1 1735.72 1.29334
916 0 1 277.14 1.09733
3 -1.23512
3327 0 1 2526.89 1.18814
1229 0 1 246.566 0.96329
527 1 1 29.3214 0.916307
4 -1.40795
3327 0 1 2530.28 1.07143
1226 3 -1 -144.133 0.891548
4053 3 -1 -752.238 0.79613
222 0 1 21.5115 0.7917
2 -0.263276
3247 0 1 1214.81 1.33308
1266 0 1 269.253 1.0698
2 -0.468757
3318 0 1 2055.18 1.33308
749 0 1 114.226 0.864323
4 -0.228778
3183 0 1 800.348 1.09861
1265 0 1 283.211 0.923986
1902 3 -1 -129.665 0.885639
1273 3 1 164.659 0.908181
4 -1.33711
3319 0 1 2280.39 1.04537
1646 2 1 102.393 0.8268
53 0 1 26.8562 0.795098
1504 1 1 138.454 0.760586
3 -1.22171
3303 0 1 1857.43 1.12703
623 1 1 115.129 0.982157
1393 0 1 452.069 0.887474
3 -1.23458
2815 0 1 1634.93 1.15682
126 1 1 89.2589 0.829296
1881 0 1 244.562 0.90706
3 -1.09651
3311 0 1 2159.39 1.09861
2936 3 -1 -526.637 0.912275
1959 0 1 387.864 0.914376
3 -1.14414
2163 0 1 795.558 1.12703
2383 3 -1 -540.365 0.892074
848 1 -1 -277.456 0.874962
3 -1.10134
3279 0 1 1689.61 1.09861
1111 0 1 143.691 0.845838
1301 3 1 185.635 0.848566
2 -0.13987
3033 0 1 1222.22 1.15682
1881 0 1 244.933 1.01695
4 -1.39028
3327 0 1 2578.74 1.04537
1151 0 1 150.579 0.836332
1646 2 1 128.471 0.844664
1012 0 1 81.8277 0.754658
3 -1.04996
3318 0 1 1945.14 1.18814
846 0 1 224.257 0.801831
967 1 1 33.7944 0.940008
2 -0.0955664
3291 0 1 1688.69 1.18814
502 0 1 184.716 1.09257
2 -0.326385
3327 0 1 2526.29 1.15682
265 0 1 70.5805 0.830432
4 -1.11426
3327 0 1 2750.99 1.12703
1390 3 -1 -251.439 0.822909
623 1 1 127.56 0.67404
1833 0 1 127.721 0.744336
4 -1.16656
3663 0 1 1853.22 1.02033
1226 3 -1 -146.008 0.751776
527 1 1 26.2549 0.718273
3721 3 -1 -249.169 0.71684
2 -0.189909
3303 0 1 1769.1 1.18814
477 0 1 135.818 0.998227
2 -0.186849
3291 0 1 1708.98 1.18814
1959 0 1 371.68 1.00129
3 -1.21678
3183 0 1 796.501 1.15682
734 0 1 221.102 0.916114
1294 0 1 293.075 0.856153
3 -1.54569
3483 0 1 1602.31 1.22117
846 0 1 215.788 1.04509
3412 1 -1 -204.158 0.720574
4 -0.35585
3323 0 1 2390.11 1.04537
1766 3 -1 -257.569 0.838253
4065 3 -1 -1113.92 0.848525
270 0 1 36.7192 0.699793
3 -1.29534
3247 0 1 1262.01 1.25615
126 1 1 88.1982 0.804719
1603 3 1 168.978 0.765533
3 -1.58581
2805 0 1 1386.22 1.29334
1943 0 1 372.571 1.14374
3372 0 1 490.485 0.851266
4 -1.7321
3663 0 1 1840.14 1.09861
916 0 1 273.383 0.8673
2641 4 -1 -76.3469 0.921443
1815 3 -1 -54.5031 0.687635
2 -0.325046
3247 0 1 1277.56 1.18814
1322 0 1 342.169 0.86309
3 -1.17859
3650 0 1 1747.62 1.12703
1364 0 1 425.66 0.864285
1395 3 1 215.406 0.812727
3 -1.15671
3327 0 1 2553.7 1.18814
1153 0 1 178.995 0.915755
1699 2 1 169.723 0.947178
3 -1.17386
3602 0 1 1015.8 1.12703
3863 3 -1 -402.814 0.921008
2024 0 1 503.238 0.874177
2 -0.275951
3303 0 1 1645.28 1.25615
945 0 1 272.252 0.980201
2 -0.00099206
3327 0 1 2387.44 1.04537
502 0 1 167.104 1.04636
3 -1.20557
3303 0 1 1825.67 1.12703
1229 0 1 262.483 0.91488
2826 3 -1 -174.086 0.836337
5 -1.11836
3327 0 1 2532.38 1.09861
1766 3 -1 -262.503 0.804719
4053 3 -1 -762.778 0.792814
1548 3 1 66.9238 0.761936
806 2 -1 -27.8467 0.754091
2 -0.29645
3303 0 1 1822.71 1.25615
1012 0 1 79.0959 0.959703
3 -1.1636
3303 0 1 2016.62 1.09861
2145 3 -1 -534.865 0.845838
1675 2 1 122.318 0.780852
3 -1.19612
3327 0 1 2407.08 1.15682
783 0 1 171.711 0.965324
126 1 1 92.0248 0.926023
3 -0.926766
3303 0 1 1946 1.02033
4053 3 -1 -784.233 0.799871
3343 2 1 25.7961 0.893433
[Candy2009]
